fx = 322.958
cx = 318.687
fy = 322.677
cy = 238.923
k1 = -0.349142
k2 = 0.102067
k3 = 0
p1 = 0.007357
p2 = 0.001165
skew_c = 0